  0.0000000000000000e+000  0.0000000000000000e+000  1.0000000000000000e+000
  5.6081228210876011e-001  0.0000000000000000e+000 -8.2794298368665731e-001
  3.7716312218362819e-001 -6.9702487776935074e-001  6.0983956827621411e-001
 -1.3628392221161478e-001 -5.8526917473018236e-001 -7.9930387566761485e-001
 -4.5672348588149181e-001  6.6225710215731570e-001  5.9398584838904500e-001
  2.9834533462096963e-001  7.6475779970472957e-001  5.7108280406669787e-001
  4.0640099521249468e-001  8.7490132777671725e-001  2.6341203037224958e-001
  5.6941283328015513e-001  3.2264267862002122e-001 -7.5608910005948637e-001
 -8.6319382735408268e-001  4.7341702569515448e-001  1.7542159559120304e-001
  2.6433389095382254e-001  5.0269188075056304e-001 -8.2306042738104856e-001
 -9.8613257276789956e-001  1.5559281180855025e-001  5.7735828041797957e-002
 -8.8170139233571199e-001 -4.5939274999643820e-001  1.0752188616266430e-001
  7.4464660353393330e-001 -1.9330397099095656e-001 -6.3885445184682277e-001
 -7.2878199360884288e-001  4.8396519839881397e-001  4.8441149091481817e-001
  1.8616019952525365e-002 -3.2807564740124251e-001 -9.4446800548424237e-001
  1.5612738912352178e-001  9.8705146813703204e-001  3.6791814497275498e-002
 -8.4116876163917398e-001 -4.8818217546756287e-001 -2.3262260852758085e-001
  5.7604147603898992e-001  1.6958571112090490e-001  7.9963548224577841e-001
 -5.1141059544300127e-001  3.7663669975153868e-001  7.7240144955127077e-001
  4.5595363903692671e-001 -8.3514569199266786e-001  3.0763282041269902e-001
 -8.0092673319304153e-001 -1.0063977053126116e-002 -5.9867778013101225e-001
 -3.1395837723554876e-001  7.7941484071001002e-002 -9.4623213981793641e-001
 -5.2636406552706239e-001 -5.9946821196215527e-001  6.0297490276853061e-001
  3.2786575434307197e-001 -4.0962837156694781e-001  8.5129821116719084e-001
 -8.6527682424922231e-002  7.7931224700312329e-001  6.2063304926914320e-001
 -1.5163185122070755e-001  9.7854805843042392e-001  1.3946855931509786e-001
 -9.4591310703545262e-001 -1.5385310497077673e-001  2.8561795466914824e-001
 -9.5762466349918562e-001  1.0576962161330304e-001 -2.6789511194094245e-001
 -4.6014433358168527e-001 -5.0459286951884874e-001 -7.3051572762220585e-001
  7.1365252369111232e-001 -6.9862781839248211e-001  5.1178577524851762e-002
  6.2451840759955868e-001 -7.2865382298614645e-001 -2.8114118306819630e-001
 -1.3856329258708919e-001 -9.4513144408776495e-001  2.9584923076459213e-001
  1.7559428981172434e-001 -9.6679742581738093e-001  1.8565931923391807e-001
 -1.8816239843629198e-001 -7.6124758541907034e-001  6.2056186275691916e-001
 -4.5506309343833190e-001  8.8983698319230731e-001  3.3282492898659283e-002
 -9.0989267300427268e-001 -2.0394901354320993e-001 -3.6124800828224823e-001
  4.2098191019136572e-001  8.1698722664936640e-001 -3.9408895288171392e-001
 -9.8335900923379860e-001 -1.7701188387431810e-001 -4.0888285926252189e-002
 -6.8247997862144472e-001 -7.2540076020291588e-001 -8.9525504063949032e-002
  3.1864998321329258e-001 -8.6589242993367888e-001 -3.8560664929655625e-001
 -9.1272361490934895e-001  1.7832774988275213e-001  3.6760687753164389e-001
 -6.0817340544591303e-001 -6.6286935231487187e-001 -4.3672569270651268e-001
 -5.9229433662958075e-001  1.6879540963415138e-001 -7.8784232463289494e-001
 -7.6951416467390732e-002 -9.2355207062868994e-001 -3.7567279957580296e-001
 -2.2428069105070086e-001  5.4241208416598063e-001  8.0962170337296246e-001
  8.0027976756591768e-001  1.2742532005594634e-001 -5.8593095278648699e-001
 -8.1768520491383312e-001  3.0626472250040881e-001 -4.8743494480470950e-001
  5.9223275855829804e-001 -4.6736243858967202e-001  6.5637848127886078e-001
 -1.8561124585526168e-002  3.3001737687658622e-001 -9.4379235831490915e-001
  8.9113183664623852e-001 -4.2457756032579780e-001  1.6005606824889548e-001
 -6.9133394296688988e-001  6.1720175492228990e-001 -3.7565858571673666e-001
 -1.1912370545950980e-001  8.5700834507980195e-001 -5.0134443176440580e-001
  7.2711217604643108e-001  3.7830117095181370e-001  5.7288402622303092e-001
  2.9303510183520259e-001  1.8392115350366336e-001 -9.3824487122835598e-001
  6.8689213664086390e-001  6.8074330576171160e-001 -2.5449507712638630e-001
 -7.5930401906685541e-002  6.2632271022699748e-001 -7.7585722702066628e-001
  2.9151792732355319e-001  2.6179765930371207e-001  9.2004308792147182e-001
 -4.4894143556592553e-001 -8.9026782448377995e-001  7.6647166424620480e-002
  3.0290534637074834e-001 -1.7168654810198580e-001 -9.3742844011734650e-001
 -7.8291156861157429e-001 -4.2780336980237077e-001  4.5170095474760746e-001
