   0.0000000e+00   0.0000000e+00   1.0000000e+00
  -9.9987560e-01  -2.6532597e-06  -1.5773019e-02
  -6.8010937e-01   6.6563465e-01   3.0721615e-01
  -5.2889610e-01   2.9051096e-02   8.4818922e-01
  -6.6922575e-02  -6.4608458e-01   7.6032630e-01
   9.8690777e-01   1.1303241e-01   1.1505099e-01
  -8.9625014e-01   3.3586072e-01   2.8971239e-01
  -9.9015526e-01   1.0606501e-01   9.1338844e-02
  -2.3383570e-01   1.8841521e-01   9.5384515e-01
  -6.5073275e-02   8.8710289e-01   4.5696164e-01
   2.1098611e-01  -9.2461705e-01   3.1712486e-01
  -2.2451976e-01   9.7285312e-01  -5.6104198e-02
   6.3308282e-01  -7.7230629e-01   5.2432273e-02
  -7.1113101e-02   9.7532153e-01   2.0902353e-01
  -7.7254497e-01  -3.5898443e-01   5.2374083e-01
   4.1556590e-01   1.4201578e-01   8.9840776e-01
   5.5003720e-01  -7.2319126e-01   4.1767628e-01
   1.2457513e-01  -5.1299763e-01   8.4930234e-01
   5.9189328e-01   7.3464224e-01   3.3160689e-01
   2.1062288e-01  -2.1154906e-01   9.5440295e-01
  -4.5110365e-01  -7.8460181e-01   4.2532986e-01
   7.7303521e-01  -3.8080569e-01   5.0734957e-01
   9.2129162e-01   3.5854283e-01   1.5056160e-01
  -5.6108959e-01   7.5537652e-01   3.3850376e-01
  -4.6962489e-01   3.2253892e-01   8.2184007e-01
   3.4697589e-01  -1.5204366e-01   9.2546769e-01
   7.4613669e-01   6.6106615e-01   7.9193314e-02
  -8.9558399e-01   4.2077334e-01  -1.4449606e-01
   5.9009479e-01  -6.1861083e-01   5.1875696e-01
  -2.4260958e-02  -9.0289669e-01   4.2917242e-01
  -3.5469146e-01   2.5983108e-01   8.9815465e-01
   7.0112317e-01   6.2993034e-01   3.3408692e-01
   6.4920411e-01   4.9868689e-01   5.7432170e-01
  -4.6875123e-01  -5.9128660e-01   6.5624115e-01
  -4.9906670e-01   8.4096928e-01   2.0905287e-01
   6.3347818e-01  -7.1670442e-01   2.9161647e-01
  -9.6347278e-01   7.5538878e-02   2.5693204e-01
   8.7480531e-02   6.8258209e-01   7.2555416e-01
   1.8927853e-02   7.7696898e-01   6.2925427e-01
   8.3754009e-01  -4.7362951e-01   2.7239985e-01
   3.7844995e-03   9.9687975e-01   7.8844409e-02
  -6.4163194e-02   5.2045615e-01   8.5147430e-01
   9.1397131e-01   1.9404277e-01   3.5637598e-01
   7.5910686e-01   4.0238830e-01   5.1170346e-01
  -8.2045943e-01   4.5099565e-01   3.5135345e-01
   6.8453960e-01  -5.0179064e-01   5.2878322e-01
  -7.8367408e-02   3.8647218e-01   9.1896562e-01
  -8.5350255e-01  -3.3736445e-01   3.9713805e-01
   3.1088091e-01   8.9565992e-01   3.1803517e-01
  -9.3920299e-02   2.4392349e-01   9.6523588e-01
  -9.5779598e-01   2.1226440e-01   1.9383160e-01
   4.3507720e-01  -8.8054517e-01   1.8801069e-01
  -4.3140148e-01   8.3365815e-01   3.4482874e-01
  -4.5929096e-01  -1.0370157e-01   8.8221188e-01
   3.7014383e-01  -9.2721456e-01   5.7155163e-02
   3.4095580e-01   6.3826340e-01   6.9019488e-01
   9.5284581e-01  -2.8430713e-01   1.0608632e-01
  -9.4758086e-01  -6.3471393e-02   3.1314836e-01
   7.2034271e-01   5.3155755e-01   4.4559280e-01
   4.9977745e-01  -5.8898098e-01   6.3507787e-01
   4.9469530e-01   8.6539488e-01   7.9801384e-02
  -7.7732006e-01  -4.6857582e-01   4.1977402e-01
   7.8935132e-02  -7.4395652e-01   6.6354951e-01
  -2.1699526e-01  -7.6169167e-01   6.1052343e-01
  -6.4979398e-01   5.4160992e-01   5.3331648e-01
   6.9663676e-02  -2.6707259e-01   9.6115514e-01
   4.0231781e-01  -4.0199595e-01   8.2252030e-01
  -7.6664868e-01   6.4126049e-01  -3.2168123e-02
  -6.8327748e-01   1.3658237e-01   7.1727062e-01
   2.1740663e-01   7.1787700e-01   6.6135238e-01
  -8.4357378e-01   3.2251507e-01   4.2938015e-01
  -7.6411358e-01  -5.6766123e-01   3.0641666e-01
   1.5103686e-01   8.1203597e-01   5.6372462e-01
   4.7718503e-02   2.9726674e-01   9.5360129e-01
  -8.1864737e-02  -9.9533545e-01   5.1044135e-02
  -7.1813042e-02  -7.5298409e-01   6.5410844e-01
  -2.0792770e-01   4.7153058e-01   8.5698599e-01
  -9.6278993e-01  -1.7253664e-01   2.0800639e-01
   9.2157824e-01  -3.8819196e-01   7.4632673e-04
   1.5962730e-01  -3.7846507e-01   9.1174740e-01
  -6.1252019e-01   6.5551610e-01   4.4172124e-01
  -2.5017014e-01  -3.2402069e-01   9.1237355e-01
   1.5778142e-01   9.8429738e-01   7.9143471e-02
  -5.8579709e-01  -5.9553681e-01   5.4970690e-01
   7.3218361e-01  -9.2384509e-03   6.8104464e-01
   2.2566664e-01  -7.0846911e-01   6.6868983e-01
   9.8564873e-01  -3.0269518e-02   1.6607330e-01
  -1.5797351e-01   7.1264829e-01   6.8350332e-01
   4.2340502e-01   6.9792150e-01   5.7761039e-01
  -9.2188449e-01  -3.8745685e-01  -2.4836707e-03
  -3.4446997e-01  -7.7330789e-01   5.3229254e-01
   9.1546684e-01  -3.1531313e-01   2.4999620e-01
   9.4521362e-03  -3.9914848e-01   9.1683758e-01
  -5.5992158e-01   5.0794439e-01   6.5458408e-01
   5.4101987e-01   1.7847143e-01   8.2185488e-01
  -5.7321139e-01  -6.9469748e-01   4.3453897e-01
   7.7312490e-01   1.2334775e-01   6.2214405e-01
   8.2160657e-01  -5.5231544e-01   1.4110384e-01
  -5.1009778e-02   6.4276720e-01   7.6436139e-01
   6.0548499e-03   9.4218155e-01   3.3504814e-01
   8.4613085e-01   3.0244822e-01   4.3884809e-01
   4.1175173e-01  -7.9841749e-01   4.3930630e-01
   3.8082029e-02  -8.3462061e-01   5.4950723e-01
   2.9391993e-01  -9.3691772e-01   1.8919898e-01
  -7.0979827e-01  -1.1998845e-01   6.9411036e-01
  -4.5817610e-01   4.6128803e-01   7.5979472e-01
  -5.3066753e-01   6.2927212e-01   5.6781033e-01
  -8.2693917e-01  -5.3518132e-01   1.7248933e-01
  -3.4836048e-01  -9.3523428e-01  -6.3101721e-02
  -3.9654811e-01   4.8214914e-02   9.1674692e-01
  -4.8786435e-01   7.3654101e-01   4.6850369e-01
   1.8798456e-01   3.4657361e-01   9.1899322e-01
  -2.9995445e-01   6.5903156e-01   6.8971352e-01
  -5.5190779e-01  -3.6967899e-01   7.4748594e-01
  -9.8759054e-01  -3.2713701e-02   1.5360577e-01
   4.0320849e-01   8.9348108e-01   1.9777379e-01
  -2.2179533e-01   3.3373972e-01   9.1620120e-01
   2.4137899e-02   1.5173608e-01   9.8812627e-01
   5.7655616e-01   3.0951213e-01   7.5616482e-01
  -4.7212106e-01   1.6959413e-01   8.6506620e-01
   6.8610717e-01   2.2543313e-01   6.9169130e-01
  -4.3618790e-01  -8.9817146e-01   5.5028517e-02
  -6.9702199e-01  -7.1504732e-01   5.3550699e-02
  -5.6889403e-01   8.1889973e-01   7.5913225e-02
   6.4830669e-01   9.4920496e-02   7.5543930e-01
  -1.1663744e-01   9.6128428e-02   9.8851152e-01
  -5.4652008e-01  -7.7854067e-01   3.0852912e-01
  -3.2077146e-01  -9.2823883e-02   9.4259715e-01
   8.4234898e-01   1.8644395e-02   5.3860986e-01
  -3.6873303e-01  -2.2947140e-01   9.0076569e-01
  -2.0412410e-01  -1.8845748e-01   9.6063371e-01
  -3.1829498e-01  -8.5509328e-01   4.0927227e-01
   4.7029482e-01   8.2450781e-01   3.1465800e-01
  -4.3489629e-01   5.8973842e-01   6.8049527e-01
   4.9084641e-01  -8.1335632e-01   3.1228400e-01
  -9.1573628e-01  -3.0837445e-01   2.5755050e-01
  -4.0013062e-01   7.0423229e-01   5.8647452e-01
  -8.1266652e-01  -5.8194170e-01   3.0281697e-02
   7.0348340e-01  -6.9253675e-01   1.5969959e-01
   5.6894509e-01   4.4539885e-01   6.9131856e-01
  -5.8201514e-01   2.3004000e-01   7.7996152e-01
   4.6506226e-01  -7.0080224e-01   5.4091896e-01
   6.2351680e-01  -5.0969352e-02   7.8014673e-01
   6.2156980e-01  -4.3790363e-01   6.4953167e-01
   4.5876725e-01   5.4643934e-01   7.0066872e-01
  -9.2558730e-01   3.5016235e-01   1.4378621e-01
  -2.4522706e-01  -9.6852955e-01   4.2593437e-02
  -2.5460069e-01  -9.2304929e-01   2.8837215e-01
  -9.8771476e-01   1.4244848e-01  -6.4249387e-02
  -8.8756343e-01  -8.2148963e-02   4.5330200e-01
  -5.0394286e-03  -9.8354916e-01   1.8057037e-01
  -8.9734056e-02  -9.4963285e-01   3.0024198e-01
  -3.5441191e-01   8.0669190e-01   4.7290631e-01
   4.9750362e-01  -4.7176148e-01   7.2796378e-01
   5.8347153e-01  -1.9525999e-01   7.8831117e-01
   9.1412655e-01  -2.0347793e-01   3.5066990e-01
   3.6642672e-01  -5.3790945e-01   7.5920016e-01
   7.6942436e-01  -4.9406851e-01   4.0482398e-01
  -3.3235345e-01  -9.2956315e-01   1.5954164e-01
  -8.6019855e-01   4.8438633e-01   1.5946266e-01
   5.0728527e-01  -8.5993872e-01   5.6276579e-02
   5.0092258e-01   7.3737586e-01   4.5315938e-01
   2.8077128e-01   1.0132112e-01   9.5441161e-01
  -3.9812605e-01  -8.7241002e-01   2.8354261e-01
  -3.2958602e-01   5.3650394e-01   7.7687617e-01
  -6.4059814e-01  -2.4980861e-01   7.2610584e-01
  -7.7129786e-01   3.0377497e-01   5.5930348e-01
   2.9923150e-01  -3.2106234e-01   8.9854298e-01
   5.4075794e-01   6.0319966e-01   5.8628578e-01
  -7.5004334e-01  -2.4166011e-01   6.1565849e-01
  -9.5630717e-01  -2.7598725e-01   9.6476036e-02
  -8.3975950e-01  -2.2283910e-01   4.9512294e-01
  -5.0303232e-01  -8.4533867e-01   1.7989167e-01
  -8.4956167e-01  -4.4171094e-01   2.8833385e-01
  -2.9217294e-01   8.9354391e-01   3.4090212e-01
  -5.0022643e-01  -2.5221460e-01   8.2834855e-01
   2.1303264e-01   6.0692881e-01   7.6567259e-01
   5.3017459e-01  -3.3505017e-01   7.7888143e-01
   8.5411829e-01   4.6470453e-01   2.3352012e-01
  -8.4438370e-01   3.9159019e-02   5.3430584e-01
   2.4851188e-01  -4.6668796e-02   9.6750394e-01
  -8.5254200e-01   5.2260722e-01   7.3362610e-03
  -6.2642474e-01  -7.5821528e-01   1.8083593e-01
  -2.5497214e-01   4.0345205e-02   9.6610635e-01
  -9.1450143e-01   5.7242495e-02   4.0051271e-01
   6.1595611e-01   6.3986075e-01   4.5953922e-01
  -7.8251434e-01   5.6551560e-01   2.6050606e-01
  -9.6650091e-01  -2.5088228e-01  -5.4167150e-02
   2.6656208e-01  -4.6304810e-01   8.4529942e-01
   7.9936401e-01  -1.1653188e-01   5.8943830e-01
   6.7764304e-01   7.0577999e-01   2.0657810e-01
  -4.7091713e-01  -6.9333452e-01   5.4545788e-01
  -1.7372231e-01  -8.9450003e-01   4.1193476e-01
  -6.2299641e-01   7.5580340e-01   2.0158544e-01
  -1.4908344e-01   9.8573262e-01   7.8136599e-02
  -4.3844964e-01   8.9557017e-01   7.5604116e-02
   9.6199159e-01  -1.7440823e-01   2.1012844e-01
  -5.7819330e-01  -4.8670180e-01   6.5483881e-01
  -7.2554791e-01   5.5798332e-01   4.0278388e-01
  -1.1806859e-01   8.0971990e-01   5.7481605e-01
   7.7687737e-01   2.6505428e-01   5.7114603e-01
  -2.2061733e-01   9.5302915e-01   2.0751730e-01
  -6.8277196e-01  -5.8870784e-01   4.3271876e-01
   4.3746062e-01   2.8550001e-01   8.5271211e-01
   8.2764081e-02  -6.3460483e-01   7.6839236e-01
   8.1642844e-01   4.3769062e-01   3.7665836e-01
  -8.6027563e-01   1.7924856e-01   4.7727958e-01
   2.2778643e-01  -5.9481304e-01   7.7091555e-01
  -6.6203048e-01  -6.8072893e-01   3.1356620e-01
   2.9852101e-01   7.7882080e-01   5.5165512e-01
   6.9950809e-01  -1.5553657e-01   6.9749323e-01
   8.5129413e-02   8.8816882e-01   4.5156299e-01
   1.4012595e-01   5.5467127e-02   9.8857884e-01
   3.8789194e-01  -5.5861853e-03   9.2168793e-01
  -3.4450701e-01  -6.7781663e-01   6.4952255e-01
  -9.6785233e-01   2.4807440e-01   4.1484419e-02
   8.4358126e-01  -2.4874428e-01   4.7591695e-01
   8.8295758e-01  -1.0226035e-01   4.5817980e-01
   5.6771878e-01  -8.0239785e-01   1.8399207e-01
   8.6211742e-01   4.9927628e-01   8.6468212e-02
   3.3565856e-01   5.1911431e-01   7.8603668e-01
   3.7666781e-01   8.1994945e-01   4.3105020e-01
   1.2565505e-01  -8.8994913e-01   4.3840775e-01
  -1.9321556e-01   5.9855530e-01   7.7743122e-01
  -5.7606130e-01   3.7477380e-01   7.2642823e-01
  -2.1184502e-01  -6.6010331e-01   7.2068391e-01
  -6.8742055e-01  -4.8358141e-01   5.4185054e-01
  -6.7321088e-01  -3.6980966e-01   6.4033423e-01
  -9.8942343e-01  -1.3804185e-01   4.4561566e-02
   6.4252036e-02   4.3647698e-01   8.9741825e-01
   8.5497051e-01   1.6167212e-01   4.9283623e-01
  -9.2006623e-01   1.9549221e-01   3.3950099e-01
   5.1922924e-01   3.2249631e-02   8.5402632e-01
  -3.4338074e-01   4.0303748e-01   8.4832214e-01
  -3.1808519e-02  -1.5840157e-01   9.8686228e-01
   3.2813101e-01  -7.6045724e-01   5.6038811e-01
   9.4840757e-01  -6.1606786e-02   3.1101074e-01
   3.6635607e-01  -6.5416429e-01   6.6170410e-01
   9.5144071e-01   2.2362676e-01   2.1154584e-01
   1.6692391e-01   2.0301334e-01   9.6484299e-01
  -5.8423790e-01  -1.3111487e-01   8.0092132e-01
  -6.7244964e-01   4.1564161e-01   6.1241615e-01
   6.8163324e-01   3.6406555e-01   6.3469080e-01
  -9.0997675e-01  -2.0090322e-01   3.6273986e-01
  -1.7052709e-01  -5.5182734e-01   8.1633761e-01
   3.2396891e-01   3.8807249e-01   8.6281162e-01
  -2.5084638e-02  -5.2944547e-01   8.4797303e-01
  -3.2717030e-01  -5.6886097e-01   7.5455735e-01
   2.7188025e-01  -8.5417465e-01   4.4324576e-01
   2.0284939e-01   4.8232839e-01   8.5218041e-01
   9.1209127e-01   4.9932887e-02   4.0693515e-01
   2.3348163e-01   8.6452524e-01   4.4506454e-01
  -4.4839453e-01  -4.7898550e-01   7.5466234e-01
   1.8542359e-01  -8.0760188e-01   5.5981898e-01
   6.1607721e-02  -9.4799215e-01   3.1227450e-01
  -7.8073085e-01   1.5944306e-01   6.0418312e-01
   4.3293218e-01  -2.5840667e-01   8.6359465e-01
  -7.3462853e-01  -6.5280632e-01   1.8483732e-01
   8.0908917e-02   9.7473364e-01   2.0820201e-01
   7.7452513e-02   5.6591947e-01   8.2081439e-01
  -5.6837327e-01  -8.2144162e-01   4.6749282e-02
   3.5504054e-01  -8.7910064e-01   3.1800672e-01
  -2.1296200e-01   8.5872417e-01   4.6609010e-01
   1.4600890e-01  -9.7149605e-01   1.8675337e-01
   3.0560075e-01   2.4762680e-01   9.1939608e-01
  -6.8103193e-01   2.8019046e-01   6.7652703e-01
   8.9425906e-01   3.3355344e-01   2.9840046e-01
  -1.6852105e-01  -9.7041672e-01   1.7289317e-01
   7.7804975e-01   5.9223223e-01   2.0952224e-01
   8.5080189e-01  -3.6506473e-01   3.7797340e-01
   9.6077719e-01   8.2204647e-02   2.6485768e-01
   1.6300072e-01   9.3066173e-01   3.2756603e-01
  -1.3859895e-01  -4.2593405e-01   8.9407523e-01
   4.5256145e-01   4.2082592e-01   7.8618934e-01
   1.0969636e-01  -1.0382971e-01   9.8852724e-01
  -7.8596367e-01   6.0750385e-01   1.1489205e-01
  -1.4054462e-01  -5.4315342e-02   9.8858336e-01
  -2.8181020e-01  -4.5531714e-01   8.4455273e-01
  -2.6225973e-01   7.6625692e-01   5.8657495e-01
  -9.0142964e-01  -4.0776841e-01   1.4542876e-01
  -7.5605259e-01   4.3641027e-01   4.8778126e-01
   6.7922834e-01  -6.1695319e-01   3.9751430e-01
  -1.1125695e-01  -8.3722522e-01   5.3542116e-01
  -9.3634650e-02  -2.9264787e-01   9.5162481e-01
  -6.9225216e-01   7.1782601e-01   7.4247939e-02
  -7.5516647e-01   1.8930439e-02   6.5525968e-01
  -6.4786322e-01  -1.4011059e-03   7.6175540e-01
   4.8275911e-01  -1.1429693e-01   8.6826255e-01
   6.5101165e-01  -2.9823361e-01   6.9802618e-01
   7.5724424e-01  -2.6110475e-01   5.9866975e-01
   5.6237478e-01   8.0261605e-01   1.9885194e-01
   2.5866335e-01   9.4789350e-01   1.8598703e-01
  -4.0106683e-01  -3.6428226e-01   8.4050213e-01
  -2.9750629e-01   9.5168984e-01   7.6002965e-02
  -8.0786687e-01  -1.0198259e-01   5.8047453e-01
  -7.3734632e-02   9.9589560e-01  -5.2489540e-02
   7.5399735e-01  -5.9978026e-01   2.6786496e-01
  -1.4519667e-01   9.3043639e-01   3.3646107e-01
   6.3791183e-01   7.6649572e-01   7.4517191e-02
  -3.6421278e-01   9.0785255e-01   2.0773251e-01
